# oST version 5.0 parameters


[image]

width
856

height
480

[narrow_stereo]

camera matrix
537.800249 0.000000 426.715791
0.000000 529.825648 223.213796
0.000000 0.000000 1.000000

distortion
0.025409 0.004990 -0.009479 -0.003429 0.000000

rectification
1.000000 0.000000 0.000000
0.000000 1.000000 0.000000
0.000000 0.000000 1.000000

projection
553.082153 0.000000 422.830362 0.000000
0.000000 542.505676 217.225957 0.000000
0.000000 0.000000 1.000000 0.000000

