%YAML:1.0
image_width: 640
image_height: 480
camera_name: narrow_stereo
camera_matrix: !!opencv-matrix
  rows: 3
  cols: 3
  dt: d
  data: [612.989565, 0.000000, 326.823627, 0.000000, 613.711177, 241.055618, 0.000000, 0.000000, 1.000000]
distortion_model: plumb_bob
distortion_coefficients: !!opencv-matrix
  rows: 1
  cols: 5
  dt: d
  data: [0.140104, -0.246397, -0.003261, 0.007371, 0.000000]
rectification_matrix: !!opencv-matrix
  rows: 3
  cols: 3
  dt: d
  data: [1.000000, 0.000000, 0.000000, 0.000000, 1.000000, 0.000000, 0.000000, 0.000000, 1.000000]
projection_matrix: !!opencv-matrix
  rows: 3
  cols: 4
  dt: d
  data: [624.699829, 0.000000, 330.185969, 0.000000, 0.000000, 627.969177, 239.407799, 0.000000, 0.000000, 0.000000, 1.000000, 0.000000]
